0.000000000000000000e+00
0.000000000000000000e+00
0.000000000000000000e+00
0.000000000000000000e+00
0.000000000000000000e+00
0.000000000000000000e+00
0.000000000000000000e+00
0.000000000000000000e+00
0.000000000000000000e+00
0.000000000000000000e+00
1.907356476716715576e+01
1.908934460330317506e+01
2.862497592418149850e+01
1.144765223472121249e+02
1.718119050369213596e+02
2.481159433582803899e+02
3.913977855141814644e+02
8.881628178773298714e+02
1.567492184392911213e+03
3.835347770625958219e+03
6.813645043632596753e+03
1.419850682432291069e+04
2.966308259621820616e+04
4.727922340947158227e+04
4.708826945144246565e+04
1.463869773934784462e+04
2.137992323446465889e+03
1.052907567791698966e+02
