0.000000000000000000e+00
0.000000000000000000e+00
0.000000000000000000e+00
0.000000000000000000e+00
0.000000000000000000e+00
0.000000000000000000e+00
0.000000000000000000e+00
0.000000000000000000e+00
0.000000000000000000e+00
0.000000000000000000e+00
1.348704698843475036e+01
1.349820840115793530e+01
1.652663945162580816e+01
3.304652792933677574e+01
4.049651023596810973e+01
4.865957272516813248e+01
6.112614692700640262e+01
9.209837833612536429e+01
1.224013028726001977e+02
1.915305219612532710e+02
2.553547226486599868e+02
3.692184642370380061e+02
5.347161607469486171e+02
6.782634353109463063e+02
6.786407766532647656e+02
3.757683395390159262e+02
1.431851005784472193e+02
3.174744638298913557e+01
